1 0 195
2 195 157
3 352 185
4 537 157
5 694 602
6 1296 636
7 1932 609
8 2541 654
9 3195 636
10 3831 613
11 4444 171
12 4615 583
13 5198 606
14 5804 669
15 6473 212
16 6685 158
17 6843 640
18 7483 152
19 7635 650
20 8285 620
21 8905 615
22 9520 618
23 10138 618
24 10756 618
25 11374 615
26 11989 609
27 12598 620
28 13218 624
29 13842 173
30 14015 636
31 14651 619
32 15270 606
33 15876 161
34 16037 612
35 16649 201
36 16850 665
37 17515 202
38 17717 608
39 18325 351
40 18676 173
41 18849 653
42 19502 638
43 20140 554
44 20694 621
45 21315 664
46 21979 617
47 22596 649
48 23245 634
49 23879 622
50 24501 642
51 25143 635
52 25778 645
53 26423 639
54 27062 198
55 27260 618
56 27878 616
57 28494 603
58 29097 637
59 29734 610
60 30344 658
61 31002 615
62 31617 611
63 32228 202
64 32430 536
65 32966 606
66 33572 192
67 33764 636
68 34400 621
69 35021 606
70 35627 207
71 35834 607
72 36441 160
73 36601 654
74 37255 606
75 37861 160
76 38021 178
77 38199 171
78 38370 198
79 38568 612
80 39180 640
81 39820 610
82 40430 653
83 41083 649
84 41732 616
85 42348 203
86 42551 536
87 43087 606
88 43693 189
89 43882 275
90 44157 292
91 44449 172
92 44621 636
93 45257 619
94 45876 198
95 46074 269
96 46343 291
97 46634 647
98 47281 160
99 47441 249
100 47690 607
101 48297 181
102 48478 615
103 49093 224
104 49317 642
105 49959 664
106 50623 616
107 51239 622
108 51861 617
109 52478 621
110 53099 170
111 53269 537
112 53806 641
113 54447 201
114 54648 183
115 54831 640
116 55471 619
117 56090 641
118 56731 193
119 56924 637
120 57561 175
121 57736 615
122 58351 179
123 58530 612
124 59142 641
125 59783 628
126 60411 661
127 61072 641
128 61713 651
129 62364 628
130 62992 655
131 63647 643
132 64290 641
133 64931 643
134 65574 637
135 66211 617
136 66828 187
137 67015 614
138 67629 603
139 68232 607
140 68839 610
141 69449 618
142 70067 626
143 70693 618
144 71311 641
145 71952 174
146 72126 583
147 72709 639
148 73348 181
149 73529 624
150 74153 606
151 74759 620
152 75379 641
153 76020 618
154 76638 620
155 77258 617
156 77875 203
157 78078 617
158 78695 648
159 79343 159
160 79502 626
161 80128 641
162 80769 649
163 81418 649
164 82067 160
165 82227 607
166 82834 198
167 83032 172
168 83204 178
169 83382 172
170 83554 600
171 84154 611
172 84765 618
173 85383 626
174 86009 619
175 86628 622
176 87250 173
177 87423 583
178 88006 641
179 88647 160
180 88807 610
181 89417 175
182 89592 621
183 90213 607
184 90820 641
185 91461 203
186 91664 614
187 92278 171
188 92449 624
189 93073 641
190 93714 198
191 93912 172
192 94084 153
193 94237 172
194 94409 601
195 95010 611
196 95621 619
197 96240 628
198 96868 620
199 97488 617
200 98105 173
201 98278 585
202 98863 639
203 99502 196
204 99698 623
205 100321 605
206 100926 641
207 101567 265
208 101832 615
209 102447 160
210 102607 624
211 103231 200
212 103431 689
213 104120 153
214 104273 626
215 104899 640
216 105539 175
217 105714 193
218 105907 175
219 106082 187
220 106269 175
221 106444 169
222 106613 175
223 106788 172
224 106960 187
225 107147 181
226 107328 602
227 107930 172
228 108102 582
229 108684 202
230 108886 618
231 109504 618
232 110122 604
233 110726 612
234 111338 619
235 111957 626
236 112583 619
237 113202 615
238 113817 170
239 113987 622
240 114609 607
241 115216 640
242 115856 640
243 116496 202
244 116698 612
245 117310 612
246 117922 180
247 118102 174
248 118276 154
249 118430 628
250 119058 640
251 119698 181
252 119879 153
253 120032 172
254 120204 197
255 120401 602
256 121003 615
257 121618 619
258 122237 628
259 122865 619
260 123484 616
261 124100 166
262 124266 582
263 124848 640
264 125488 186
265 125674 622
266 126296 603
267 126899 640
268 127539 212
269 127751 611
270 128362 193
271 128555 620
272 129175 160
273 129335 628
274 129963 640
275 130603 158
276 130761 610
277 131371 179
278 131550 165
279 131715 147
280 131862 197
281 132059 602
282 132661 613
283 133274 619
284 133893 630
285 134523 620
286 135143 617
287 135760 640
288 136400 172
289 136572 582
290 137154 674
291 137828 212
292 138040 192
293 138232 621
294 138853 607
295 139460 183
296 139643 174
297 139817 640
298 140457 170
299 140627 663
300 141290 200
301 141490 655
302 142145 220
303 142365 612
304 142977 174
305 143151 194
306 143345 628
307 143973 639
308 144612 656
309 145268 631
310 145899 648
311 146547 643
312 147190 647
313 147837 635
314 148472 650
315 149122 644
316 149766 648
317 150414 646
318 151060 622
319 151682 199
320 151881 618
321 152499 615
322 153114 604
323 153718 613
324 154331 614
325 154945 629
326 155574 619
327 156193 648
328 156841 160
329 157001 582
330 157583 177
331 157760 608
332 158368 640
333 159008 175
334 159183 629
335 159812 180
336 159992 622
337 160614 606
338 161220 643
339 161863 640
340 162503 202
341 162705 609
342 163314 160
343 163474 628
344 164102 640
345 164742 221
346 164963 147
347 165110 211
348 165321 147
349 165468 600
350 166068 612
351 166680 619
352 167299 632
353 167931 621
354 168552 623
355 169175 172
356 169347 584
357 169931 640
358 170571 178
359 170749 186
360 170935 621
361 171556 605
362 172161 640
363 172801 239
364 173040 162
365 173202 165
366 173367 190
367 173557 608
368 174165 160
369 174325 627
370 174952 640
371 175592 207
372 175799 214
373 176013 598
374 176611 166
375 176777 583
376 177360 147
377 177507 174
378 177681 154
379 177835 184
380 178019 622
381 178641 621
382 179262 620
383 179882 197
384 180079 602
385 180681 614
386 181295 619
387 181914 629
388 182543 619
389 183162 648
390 183810 641
391 184451 174
392 184625 622
393 185247 605
394 185852 641
395 186493 231
396 186724 671
397 187395 595
398 187990 183
399 188173 620
400 188793 224
401 189017 658
402 189675 202
403 189877 614
404 190491 160
405 190651 629
406 191280 169
407 191449 641
408 192090 171
409 192261 645
410 192906 642
411 193548 674
412 194222 654
413 194876 631
414 195507 633
415 196140 633
416 196773 645
417 197418 644
418 198062 673
419 198735 609
420 199344 199
421 199543 615
422 200158 619
423 200777 601
424 201378 613
425 201991 619
426 202610 629
427 203239 617
428 203856 673
429 204529 173
430 204702 584
431 205286 641
432 205927 174
433 206101 623
434 206724 604
435 207328 641
436 207969 223
437 208192 222
438 208414 617
439 209031 179
440 209210 625
441 209835 641
442 210476 637
443 211113 196
444 211309 199
445 211508 211
446 211719 205
447 211924 199
448 212123 600
449 212723 614
450 213337 614
451 213951 626
452 214577 623
453 215200 635
454 215835 179
455 216014 583
456 216597 641
457 217238 631
458 217869 189
459 218058 621
460 218679 603
461 219282 641
462 219923 189
463 220112 172
464 220284 250
465 220534 625
466 221159 194
467 221353 642
468 221995 641
469 222636 185
470 222821 584
471 223405 212
472 223617 643
473 224260 641
474 224901 168
475 225069 626
476 225695 603
477 226298 641
478 226939 182
479 227121 621
480 227742 219
481 227961 606
482 228567 173
483 228740 608
484 229348 641
485 229989 177
486 230166 183
487 230349 171
488 230520 216
489 230736 619
490 231355 678
491 232033 623
492 232656 639
493 233295 653
494 233948 639
495 234587 622
496 235209 641
497 235850 645
498 236495 630
499 237125 643
500 237768 640
501 238408 2807
502 241215 2696
503 243911 1240
504 245151 1096
505 246247 851
506 247098 971
507 248069 986
508 249055 2350
509 251405 1734
510 253139 1143
511 254282 893
512 255175 1124
513 256299 1348
514 257647 989
515 258636 1940
516 260576 2616
517 263192 1266
518 264458 2733
519 267191 2809
520 270000 2990
521 272990 1053
522 274043 3618
523 277661 2536
524 280197 4287
525 284484 3323
526 287807 5874
527 293681 3292
528 296973 913
529 297886 2320
530 300206 4620
531 304826 2305
532 307131 787
533 307918 5798
534 313716 1227
535 314943 6008
536 320951 867
537 321818 1611
538 323429 866
539 324295 3267
540 327562 6410
541 333972 819
542 334791 3413
543 338204 4030
544 342234 1240
545 343474 1074
546 344548 1795
547 346343 1528
548 347871 2490
549 350361 2489
550 352850 1741
551 354591 1372
552 355963 2903
553 358866 2430
554 361296 1561
555 362857 1854
556 364711 1074
557 365785 944
558 366729 3357
559 370086 1951
560 372037 1922
561 373959 2217
562 376176 1947
563 378123 3117
564 381240 1787
565 383027 3190
566 386217 3794
567 390011 510
568 390521 1098
569 391619 803
570 392422 2561
571 394983 1050
572 396033 2273
573 398306 1855
574 400161 1417
575 401578 717
576 402295 1670
577 403965 2531
578 406496 1559
579 408055 2279
580 410334 2382
581 412716 2242
582 414958 1060
583 416018 2513
584 418531 1419
585 419950 4179
586 424129 2102
587 426231 1783
588 428014 2242
589 430256 4206
590 434462 530
591 434992 823
592 435815 2557
593 438372 4232
594 442604 3551
595 446155 897
596 447052 4073
597 451125 3507
598 454632 1214
599 455846 2388
600 458234 2647
601 460881 1294
602 462175 5516
603 467691 1239
604 468930 1955
605 470885 2663
606 473548 2419
607 475967 1215
608 477182 1138
609 478320 6819
610 485139 3168
611 488307 2595
612 490902 5243
613 496145 1916
614 498061 2571
615 500632 4776
616 505408 4729
617 510137 4488
618 514625 3089
619 517714 7696
620 525410 5814
621 531224 3530
622 534754 3345
623 538099 2367
624 540466 3496
625 543962 2176
626 546138 2041
627 548179 9190
628 557369 5411
629 562780 7527
630 570307 5443
631 575750 4861
632 580611 8269
633 588880 11954
634 600834 6334
635 607168 1435
636 608603 1860
637 610463 978
638 611441 5302
639 616743 2955
640 619698 673
641 620371 4193
642 624564 818
643 625382 3151
644 628533 736
645 629269 923
646 630192 4231
647 634423 3673
648 638096 1278
649 639374 1810
650 641184 1151
651 642335 1639
652 643974 881
653 644855 2501
654 647356 4387
655 651743 4685
656 656428 1113
657 657541 2245
658 659786 959
659 660745 1975
660 662720 896
661 663616 1196
662 664812 1486
663 666298 557
664 666855 3968
665 670823 1451
666 672274 4814
667 677088 2485
668 679573 2069
669 681642 2491
670 684133 2242
671 686375 3487
672 689862 1675
673 691537 1125
674 692662 2609
675 695271 2028
676 697299 1898
677 699197 4293
678 703490 14599
679 718089 2125
680 720214 6588
681 726802 13731
682 740533 9062
683 749595 3706
684 753301 4607
685 757908 3640
686 761548 5672
687 767220 1691
688 768911 9096
689 778007 3987
690 781994 1892
691 783886 9764
692 793650 6487
693 800137 2453
694 802590 4529
695 807119 7551
696 814670 2086
697 816756 3705
698 820461 4313
699 824774 1086
700 825860 2214
701 828074 1946
702 830020 1552
703 831572 2551
704 834123 1998
705 836121 3743
706 839864 933
707 840797 1198
708 841995 1917
709 843912 1429
710 845341 3802
711 849143 5709
712 854852 2231
713 857083 2893
714 859976 1495
715 861471 5741
716 867212 2649
717 869861 1278
718 871139 1256
719 872395 1325
720 873720 7946
721 881666 1703
722 883369 2821
723 886190 1233
724 887423 1421
725 888844 5115
726 893959 3032
727 896991 1287
728 898278 2779
729 901057 1434
730 902491 920
731 903411 2766
732 906177 1485
733 907662 898
734 908560 2991
735 911551 1213
736 912764 8770
737 921534 2599
738 924133 1615
739 925748 2225
740 927973 1981
741 929954 6244
742 936198 2069
743 938267 1557
744 939824 3138
745 942962 4050
746 947012 2674
747 949686 2873
748 952559 1027
749 953586 1409
750 954995 5496
751 960491 1637
752 962128 3609
753 965737 2071
754 967808 5799
755 973607 6771
756 980378 1211
757 981589 1510
758 983099 347
759 983446 2189
760 985635 1732
761 987367 2936
762 990303 1210
763 991513 1950
764 993463 912
765 994375 1858
766 996233 2957
767 999190 6876
768 1006066 2651
769 1008717 1553
770 1010270 1758
771 1012028 1695
772 1013723 950
773 1014673 8949
774 1023622 5600
775 1029222 5658
776 1034880 5475
777 1040355 6732
778 1047087 2063
779 1049150 19446
780 1068596 7670
781 1076266 1809
782 1078075 1227
783 1079302 3025
784 1082327 1847
785 1084174 2682
786 1086856 4164
787 1091020 1402
788 1092422 584
789 1093006 6561
790 1099567 2405
791 1101972 1818
792 1103790 3336
793 1107126 1878
794 1109004 13748
795 1122752 531
796 1123283 1629
797 1124912 3020
798 1127932 2357
799 1130289 2821
800 1133110 18363
801 1151473 1610
802 1153083 207
803 1153290 2807
804 1156097 934
805 1157031 1111
806 1158142 15564
807 1173706 6419
808 1180125 13950
809 1194075 723
810 1194798 2756
811 1197554 2038
812 1199592 2595
813 1202187 2771
814 1204958 1764
815 1206722 20050
816 1226772 9025
817 1235797 3558
818 1239355 3540
819 1242895 3381
820 1246276 2089
821 1248365 3348
822 1251713 416
823 1252129 2533
824 1254662 2895
825 1257557 13916
826 1271473 1793
827 1273266 4094
828 1277360 2746
829 1280106 2955
830 1283061 915
831 1283976 674
832 1284650 20136
833 1304786 3832
834 1308618 216
835 1308834 28622
836 1337456 4200
837 1341656 7387
838 1349043 9317
839 1358360 30298
840 1388658 19669
841 1408327 936
842 1409263 602
843 1409865 2310
844 1412175 1600
845 1413775 4951
846 1418726 3301
847 1422027 4034
848 1426061 2486
849 1428547 4577
850 1433124 1130
851 1434254 1989
852 1436243 655
853 1436898 407
854 1437305 9905
855 1447210 2286
856 1449496 839
857 1450335 30438
858 1480773 3528
859 1484301 917
860 1485218 2571
861 1487789 3109
862 1490898 316
863 1491214 7200
864 1498414 19017
865 1517431 5688
866 1523119 1288
867 1524407 2165
868 1526572 2333
869 1528905 2594
870 1531499 2536
871 1534035 1230
872 1535265 8985
873 1544250 3633
874 1547883 2131
875 1550014 2344
876 1552358 22081
877 1574439 838
878 1575277 381
879 1575658 1137
880 1576795 3830
881 1580625 1121
882 1581746 3524
883 1585270 3236
884 1588506 1563
885 1590069 1332
886 1591401 2002
887 1593403 2143
888 1595546 1269
889 1596815 1299
890 1598114 3881
891 1601995 538
892 1602533 6456
893 1608989 2560
894 1611549 3658
895 1615207 806
896 1616013 1257
897 1617270 2403
898 1619673 675
899 1620348 774
900 1621122 5003
901 1626125 2689
902 1628814 721
903 1629535 5946
904 1635481 3322
905 1638803 8939
906 1647742 4011
907 1651753 2037
908 1653790 3418
909 1657208 7584
910 1664792 2628
911 1667420 2725
912 1670145 9656
913 1679801 19333
914 1699134 3104
915 1702238 2741
916 1704979 5364
917 1710343 2249
918 1712592 4255
919 1716847 6584
920 1723431 958
921 1724389 4877
922 1729266 8276
923 1737542 5343
924 1742885 6674
925 1749559 918
926 1750477 3783
927 1754260 2947
928 1757207 3582
929 1760789 2538
930 1763327 3698
931 1767025 4684
932 1771709 9628
933 1781337 9635
934 1790972 11527
935 1802499 2151
936 1804650 4794
937 1809444 3016
938 1812460 1646
939 1814106 5784
940 1819890 2029
941 1821919 1921
942 1823840 8390
943 1832230 8793
944 1841023 2756
945 1843779 4491
946 1848270 3146
947 1851416 1942
948 1853358 10647
949 1864005 6280
950 1870285 4881
951 1875166 5304
952 1880470 1318
953 1881788 1854
954 1883642 3603
955 1887245 194
956 1887439 3702
957 1891141 2531
958 1893672 7686
959 1901358 7003
960 1908361 6486
961 1914847 8800
962 1923647 3151
963 1926798 2811
964 1929609 1844
965 1931453 7061
966 1938514 3412
967 1941926 2651
968 1944577 1163
969 1945740 11637
970 1957377 10841
971 1968218 9902
972 1978120 6937
973 1985057 8937
974 1993994 2293
975 1996287 520
976 1996807 2775
977 1999582 623
978 2000205 6373
979 2006578 4300
980 2010878 2322
981 2013200 9193
982 2022393 6521
983 2028914 1562
984 2030476 7414
985 2037890 2733
986 2040623 7684
987 2048307 4475
988 2052782 2940
989 2055722 6310
990 2062032 9254
991 2071286 2974
992 2074260 4386
993 2078646 3898
994 2082544 1716
995 2084260 6518
996 2090778 5475
997 2096253 5234
998 2101487 8030
999 2109517 1838
1000 2111355 2821
1001 2114176 4991
1002 2119167 6536
1003 2125703 4713
1004 2130416 4231
1005 2134647 3599
1006 2138246 3046
1007 2141292 4097
1008 2145389 8641
1009 2154030 4032
1010 2158062 7528
1011 2165590 38564
1012 2204154 5436
1013 2209590 17868
1014 2227458 5287
1015 2232745 2765
1016 2235510 10537
1017 2246047 3779
1018 2249826 4724
1019 2254550 5404
1020 2259954 4822
1021 2264776 5242
1022 2270018 6722
1023 2276740 6481
1024 2283221 4675
1025 2287896 4146
1026 2292042 8949
1027 2300991 8401
1028 2309392 5479
1029 2314871 4268
1030 2319139 7440
1031 2326579 7901
1032 2334480 5644
1033 2340124 5354
1034 2345478 4461
1035 2349939 4956
1036 2354895 4314
1037 2359209 4366
1038 2363575 5342
1039 2368917 1253
1040 2370170 4005
1041 2374175 19868
1042 2394043 3705
1043 2397748 6329
1044 2404077 4674
1045 2408751 2810
1046 2411561 3477
1047 2415038 3910
1048 2418948 3464
1049 2422412 4273
1050 2426685 11912
1051 2438597 4240
1052 2442837 8215
1053 2451052 7859
1054 2458911 7999
1055 2466910 7306
1056 2474216 1625
1057 2475841 5248
1058 2481089 16445
1059 2497534 4604
1060 2502138 9445
1061 2511583 5305
1062 2516888 4193
1063 2521081 4782
1064 2525863 4027
1065 2529890 10505
1066 2540395 5551
1067 2545946 4109
1068 2550055 3159
1069 2553214 3742
1070 2556956 3917
1071 2560873 3309
1072 2564182 3414
1073 2567596 18427
1074 2586023 4804
1075 2590827 5360
1076 2596187 3395
1077 2599582 11471
1078 2611053 7873
1079 2618926 19535
1080 2638461 5451
1081 2643912 1226
1082 2645138 2123
1083 2647261 2867
1084 2650128 3662
1085 2653790 19350
1086 2673140 19773
1087 2692913 4348
1088 2697261 4294
1089 2701555 3518
1090 2705073 12561
1091 2717634 6781
1092 2724415 25783
1093 2750198 11224
1094 2761422 7091
1095 2768513 1547
1096 2770060 5944
1097 2776004 6348
1098 2782352 23587
1099 2805939 1563
1100 2807502 2806
1101 2810308 9652
1102 2819960 2019
1103 2821979 1853
1104 2823832 2645
1105 2826477 3187
1106 2829664 9538
1107 2839202 3462
1108 2842664 8378
1109 2851042 2137
1110 2853179 1726
1111 2854905 1065
1112 2855970 1478
1113 2857448 1055
1114 2858503 1368
1115 2859871 5360
1116 2865231 4992
1117 2870223 2151
1118 2872374 1738
1119 2874112 4016
1120 2878128 2319
1121 2880447 2256
1122 2882703 7670
1123 2890373 1315
1124 2891688 1474
1125 2893162 4279
1126 2897441 1263
1127 2898704 1231
1128 2899935 1408
1129 2901343 1685
1130 2903028 5183
1131 2908211 2522
1132 2910733 1372
1133 2912105 3181
1134 2915286 10930
1135 2926216 3828
1136 2930044 9575
1137 2939619 3784
1138 2943403 1565
1139 2944968 2112
1140 2947080 7031
1141 2954111 1863
1142 2955974 7361
1143 2963335 3385
1144 2966720 1918
1145 2968638 12886
1146 2981524 5250
1147 2986774 4675
1148 2991449 1374
1149 2992823 2472
1150 2995295 2319
1151 2997614 2151
1152 2999765 3604
1153 3003369 1378
1154 3004747 11043
1155 3015790 1167
1156 3016957 669
1157 3017626 4757
1158 3022383 2038
1159 3024421 1292
1160 3025713 899
1161 3026612 7410
1162 3034022 3113
1163 3037135 1892
1164 3039027 2875
1165 3041902 968
1166 3042870 1318
1167 3044188 1353
1168 3045541 525
1169 3046066 3969
1170 3050035 4618
1171 3054653 4955
1172 3059608 3242
1173 3062850 2208
1174 3065058 857
1175 3065915 783
1176 3066698 1242
1177 3067940 5682
1178 3073622 1588
1179 3075210 765
1180 3075975 1682
1181 3077657 12976
1182 3090633 551
1183 3091184 1839
1184 3093023 2469
1185 3095492 2320
1186 3097812 2685
1187 3100497 1647
1188 3102144 619
1189 3102763 2158
1190 3104921 2194
1191 3107115 2198
1192 3109313 2321
1193 3111634 2133
1194 3113767 479
1195 3114246 2426
1196 3116672 1231
1197 3117903 3099
1198 3121002 1557
1199 3122559 704
1200 3123263 1042
1201 3124305 3754
1202 3128059 2422
1203 3130481 2047
1204 3132528 2517
1205 3135045 3443
1206 3138488 2469
1207 3140957 2524
1208 3143481 20273
1209 3163754 8404
1210 3172158 4377
1211 3176535 4481
1212 3181016 4150
1213 3185166 1540
1214 3186706 4492
1215 3191198 1370
1216 3192568 1188
1217 3193756 1486
1218 3195242 7434
1219 3202676 2186
1220 3204862 18033
1221 3222895 8886
1222 3231781 5683
1223 3237464 4031
1224 3241495 3568
1225 3245063 2060
1226 3247123 16380
1227 3263503 4467
1228 3267970 1160
1229 3269130 1934
1230 3271064 1360
1231 3272424 8183
1232 3280607 5179
1233 3285786 6851
1234 3292637 1936
1235 3294573 8212
1236 3302785 7569
1237 3310354 8513
1238 3318867 4985
1239 3323852 6752
1240 3330604 15099
1241 3345703 7549
1242 3353252 5089
1243 3358341 1377
1244 3359718 1578
1245 3361296 2160
1246 3363456 1354
1247 3364810 825
1248 3365635 6379
1249 3372014 2140
1250 3374154 8305
1251 3382459 4231
1252 3386690 1884
1253 3388574 5245
1254 3393819 5477
1255 3399296 9124
1256 3408420 4700
1257 3413120 9533
1258 3422653 3780
1259 3426433 1081
1260 3427514 1433
1261 3428947 1366
1262 3430313 9087
1263 3439400 304
1264 3439704 1736
1265 3441440 776
1266 3442216 1463
1267 3443679 12561
1268 3456240 8041
1269 3464281 4086
1270 3468367 5008
1271 3473375 4471
1272 3477846 8948
1273 3486794 2225
1274 3489019 5372
1275 3494391 2933
1276 3497324 3118
1277 3500442 1689
1278 3502131 8099
1279 3510230 3697
1280 3513927 14179
1281 3528106 3290
1282 3531396 3884
1283 3535280 4320
1284 3539600 11600
1285 3551200 937
1286 3552137 8011
1287 3560148 6273
1288 3566421 789
1289 3567210 5689
1290 3572899 15707
1291 3588606 923
1292 3589529 6072
1293 3595601 684
1294 3596285 5268
1295 3601553 8069
1296 3609622 1448
1297 3611070 4370
1298 3615440 708
1299 3616148 8920
1300 3625068 1367
1301 3626435 8495
1302 3634930 4214
1303 3639144 3215
1304 3642359 12847
1305 3655206 4564
1306 3659770 2361
1307 3662131 2417
1308 3664548 649
1309 3665197 1366
1310 3666563 10072
1311 3676635 21751
1312 3698386 861
1313 3699247 3503
1314 3702750 3824
1315 3706574 1412
1316 3707986 1057
1317 3709043 5749
1318 3714792 1202
1319 3715994 900
1320 3716894 10810
1321 3727704 1345
1322 3729049 17715
1323 3746764 9463
1324 3756227 2833
1325 3759060 3960
1326 3763020 1345
1327 3764365 4588
1328 3768953 5945
1329 3774898 1049
1330 3775947 867
1331 3776814 2291
1332 3779105 8155
1333 3787260 3244
1334 3790504 1831
1335 3792335 519
1336 3792854 1537
1337 3794391 2265
1338 3796656 3797
1339 3800453 5923
1340 3806376 1319
1341 3807695 3157
1342 3810852 1229
1343 3812081 1303
1344 3813384 1093
1345 3814477 5525
1346 3820002 919
1347 3820921 4353
1348 3825274 332
1349 3825606 8864
1350 3834470 3579
1351 3838049 1595
1352 3839644 1327
1353 3840971 6384
1354 3847355 4061
1355 3851416 1239
1356 3852655 2932
1357 3855587 2645
1358 3858232 1768
1359 3860000 4099
1360 3864099 12805
1361 3876904 1463
1362 3878367 4018
1363 3882385 3568
1364 3885953 1353
1365 3887306 1076
1366 3888382 3947
1367 3892329 6861
1368 3899190 12927
1369 3912117 1572
1370 3913689 1506
1371 3915195 1441
1372 3916636 2419
1373 3919055 2146
1374 3921201 1735
1375 3922936 1752
1376 3924688 1143
1377 3925831 1624
1378 3927455 793
1379 3928248 7009
1380 3935257 8116
1381 3943373 1465
1382 3944838 1071
1383 3945909 4655
1384 3950564 2410
1385 3952974 1153
1386 3954127 6422
1387 3960549 1758
1388 3962307 7539
1389 3969846 2153
1390 3971999 6376
1391 3978375 3979
1392 3982354 1379
1393 3983733 8319
1394 3992052 6880
1395 3998932 9515
1396 4008447 3628
1397 4012075 2211
1398 4014286 3377
1399 4017663 4714
1400 4022377 1667
1401 4024044 3132
1402 4027176 5165
1403 4032341 5556
1404 4037897 4690
1405 4042587 5527
1406 4048114 1869
1407 4049983 3873
1408 4053856 6071
1409 4059927 2454
1410 4062381 4426
1411 4066807 963
1412 4067770 780
1413 4068550 4164
1414 4072714 2661
1415 4075375 2950
1416 4078325 1244
1417 4079569 1937
1418 4081506 2310
1419 4083816 2728
1420 4086544 2296
1421 4088840 1283
1422 4090123 4691
1423 4094814 4572
1424 4099386 3569
1425 4102955 3122
1426 4106077 4096
1427 4110173 4495
1428 4114668 2765
1429 4117433 3813
1430 4121246 2300
1431 4123546 1731
1432 4125277 2289
1433 4127566 20490
1434 4148056 3302
1435 4151358 4074
1436 4155432 1909
1437 4157341 8724
1438 4166065 2668
1439 4168733 5307
1440 4174040 5339
1441 4179379 3679
1442 4183058 4160
1443 4187218 5922
1444 4193140 3019
1445 4196159 5452
1446 4201611 1728
1447 4203339 2611
1448 4205950 5022
1449 4210972 4779
1450 4215751 3302
1451 4219053 5410
1452 4224463 5481
1453 4229944 4268
1454 4234212 2528
1455 4236740 4402
1456 4241142 7390
1457 4248532 175
1458 4248707 4721
1459 4253428 160
1460 4253588 892
1461 4254480 783
1462 4255263 2224
1463 4257487 1769
1464 4259256 927
1465 4260183 1829
1466 4262012 12127
1467 4274139 4425
1468 4278564 1871
1469 4280435 6878
1470 4287313 9971
1471 4297284 1106
1472 4298390 9935
1473 4308325 3370
1474 4311695 1392
1475 4313087 3506
1476 4316593 5356
1477 4321949 4656
1478 4326605 5531
1479 4332136 3446
1480 4335582 1725
1481 4337307 771
1482 4338078 2569
1483 4340647 3930
1484 4344577 3518
1485 4348095 5159
1486 4353254 5246
1487 4358500 1304
1488 4359804 9363
1489 4369167 3278
1490 4372445 584
1491 4373029 1537
1492 4374566 3309
1493 4377875 1871
1494 4379746 3266
1495 4383012 5102
1496 4388114 2121
1497 4390235 5821
1498 4396056 2291
1499 4398347 4206
1500 4402553 4907
1501 4407460 7395
1502 4414855 1288
1503 4416143 1066
1504 4417209 9068
1505 4426277 11257
1506 4437534 9242
1507 4446776 15997
1508 4462773 8744
1509 4471517 8436
1510 4479953 7371
1511 4487324 11282
1512 4498606 19495
1513 4518101 13545
1514 4531646 5473
1515 4537119 481
1516 4537600 821
1517 4538421 3185
1518 4541606 7331
1519 4548937 528
1520 4549465 1526
1521 4550991 3448
1522 4554439 2092
1523 4556531 9158
1524 4565689 8012
1525 4573701 8555
1526 4582256 4680
1527 4586936 2678
1528 4589614 4072
1529 4593686 5069
1530 4598755 7141
1531 4605896 3396
1532 4609292 2823
1533 4612115 668
1534 4612783 1041
1535 4613824 1629
1536 4615453 6667
1537 4622120 1337
1538 4623457 11440
1539 4634897 6337
1540 4641234 4428
1541 4645662 25795
1542 4671457 3739
1543 4675196 5132
1544 4680328 8395
1545 4688723 9762
1546 4698485 4622
1547 4703107 6362
1548 4709469 9588
1549 4719057 12836
1550 4731893 4681
1551 4736574 10949
1552 4747523 6263
1553 4753786 5100
1554 4758886 1746
1555 4760632 3805
1556 4764437 4756
1557 4769193 3699
1558 4772892 10707
1559 4783599 9905
1560 4793504 6839
1561 4800343 6100
1562 4806443 6578
1563 4813021 5796
1564 4818817 4089
1565 4822906 3898
1566 4826804 3494
1567 4830298 3833
1568 4834131 3323
1569 4837454 12267
1570 4849721 12834
1571 4862555 4220
1572 4866775 2852
1573 4869627 5563
1574 4875190 15909
1575 4891099 4284
1576 4895383 708
1577 4896091 1193
1578 4897284 4401
1579 4901685 4375
1580 4906060 2080
1581 4908140 13029
1582 4921169 6698
1583 4927867 8825
1584 4936692 7738
1585 4944430 10689
1586 4955119 205
1587 4955324 6996
1588 4962320 8939
1589 4971259 2333
1590 4973592 8155
1591 4981747 8287
1592 4990034 3888
1593 4993922 5748
1594 4999670 10259
1595 5009929 2538
1596 5012467 13735
1597 5026202 4678
1598 5030880 520
1599 5031400 1524
1600 5032924 3079
1601 5036003 1966
1602 5037969 3131
1603 5041100 2448
1604 5043548 7784
1605 5051332 2661
1606 5053993 2012
1607 5056005 6215
1608 5062220 4243
1609 5066463 4363
1610 5070826 3832
1611 5074658 6885
1612 5081543 3602
1613 5085145 3282
1614 5088427 4622
1615 5093049 5264
1616 5098313 4441
1617 5102754 3417
1618 5106171 4119
1619 5110290 1137
1620 5111427 7945
1621 5119372 4569
1622 5123941 4387
1623 5128328 4372
1624 5132700 4084
1625 5136784 5562
1626 5142346 7796
1627 5150142 2344
1628 5152486 2125
1629 5154611 2948
1630 5157559 2942
1631 5160501 4612
1632 5165113 5427
1633 5170540 3166
1634 5173706 4086
1635 5177792 5458
1636 5183250 4680
1637 5187930 5116
1638 5193046 2488
1639 5195534 2726
1640 5198260 2966
1641 5201226 8260
1642 5209486 1226
1643 5210712 768
1644 5211480 201
1645 5211681 4146
1646 5215827 3342
1647 5219169 1542
1648 5220711 9947
1649 5230658 3066
1650 5233724 8753
1651 5242477 3961
1652 5246438 5243
1653 5251681 4930
1654 5256611 8582
1655 5265193 4795
1656 5269988 3918
1657 5273906 519
1658 5274425 4684
1659 5279109 4392
1660 5283501 3812
1661 5287313 5823
1662 5293136 7215
1663 5300351 6467
1664 5306818 2571
1665 5309389 3358
1666 5312747 965
1667 5313712 22909
1668 5336621 18579
1669 5355200 2581
1670 5357781 8475
1671 5366256 1644
1672 5367900 2392
1673 5370292 7134
1674 5377426 3337
1675 5380763 11012
1676 5391775 2873
1677 5394648 3509
1678 5398157 3220
1679 5401377 4834
1680 5406211 7263
1681 5413474 6901
1682 5420375 6190
1683 5426565 1072
1684 5427637 2783
1685 5430420 3444
1686 5433864 1044
1687 5434908 2435
1688 5437343 1551
1689 5438894 6342
1690 5445236 13623
1691 5458859 2095
1692 5460954 12951
1693 5473905 6468
1694 5480373 2876
1695 5483249 5030
1696 5488279 1961
1697 5490240 9043
1698 5499283 6562
1699 5505845 2478
1700 5508323 6444
1701 5514767 5663
1702 5520430 2547
1703 5522977 8577
1704 5531554 7400
1705 5538954 2414
1706 5541368 1458
1707 5542826 1638
1708 5544464 2671
1709 5547135 2579
1710 5549714 2250
1711 5551964 3061
1712 5555025 2067
1713 5557092 2985
1714 5560077 6953
1715 5567030 6359
1716 5573389 6891
1717 5580280 6770
1718 5587050 3942
1719 5590992 8123
1720 5599115 7784
1721 5606899 3114
1722 5610013 1797
1723 5611810 2981
1724 5614791 1613
1725 5616404 3023
1726 5619427 3434
1727 5622861 1858
1728 5624719 1525
1729 5626244 4769
1730 5631013 1742
1731 5632755 1516
1732 5634271 2462
1733 5636733 3613
1734 5640346 2061
1735 5642407 1456
1736 5643863 2809
1737 5646672 7815
1738 5654487 3330
1739 5657817 3623
1740 5661440 8872
1741 5670312 3731
1742 5674043 2822
1743 5676865 2199
1744 5679064 3565
1745 5682629 3492
1746 5686121 2068
1747 5688189 1597
1748 5689786 1791
1749 5691577 6357
1750 5697934 3196
1751 5701130 2232
1752 5703362 1857
1753 5705219 3419
1754 5708638 5501
1755 5714139 2002
1756 5716141 4147
1757 5720288 2711
1758 5722999 3754
1759 5726753 1743
1760 5728496 1534
1761 5730030 1543
1762 5731573 1615
1763 5733188 3645
1764 5736833 2730
1765 5739563 3957
1766 5743520 2376
1767 5745896 2390
1768 5748286 2584
1769 5750870 2367
1770 5753237 2529
1771 5755766 23248
1772 5779014 3209
1773 5782223 3611
1774 5785834 6313
1775 5792147 3082
1776 5795229 3290
1777 5798519 3403
1778 5801922 5230
1779 5807152 1605
1780 5808757 2582
1781 5811339 3412
1782 5814751 2443
1783 5817194 1071
1784 5818265 2354
1785 5820619 5074
1786 5825693 4218
1787 5829911 3009
1788 5832920 3768
1789 5836688 2630
1790 5839318 5411
1791 5844729 2518
1792 5847247 3780
1793 5851027 1090
1794 5852117 5305
1795 5857422 1433
1796 5858855 1205
1797 5860060 2035
1798 5862095 7434
1799 5869529 3320
1800 5872849 2528
1801 5875377 4317
1802 5879694 5461
1803 5885155 3017
1804 5888172 2749
1805 5890921 3742
1806 5894663 2124
1807 5896787 4008
1808 5900795 13139
1809 5913934 2515
1810 5916449 1919
1811 5918368 3623
1812 5921991 3866
1813 5925857 3876
1814 5929733 1897
1815 5931630 5439
1816 5937069 6877
1817 5943946 2509
1818 5946455 4583
1819 5951038 6977
1820 5958015 1504
1821 5959519 2485
1822 5962004 2674
1823 5964678 815
1824 5965493 5362
1825 5970855 270
1826 5971125 839
1827 5971964 3578
1828 5975542 5927
1829 5981469 1239
1830 5982708 1386
1831 5984094 3688
1832 5987782 4584
1833 5992366 2388
1834 5994754 2204
1835 5996958 3778
1836 6000736 4062
1837 6004798 930
1838 6005728 2939
1839 6008667 1141
1840 6009808 1785
1841 6011593 2004
1842 6013597 3128
1843 6016725 7145
1844 6023870 8614
1845 6032484 3968
1846 6036452 3999
1847 6040451 4629
1848 6045080 3905
1849 6048985 4632
1850 6053617 1159
1851 6054776 4218
1852 6058994 2710
1853 6061704 1718
1854 6063422 1080
1855 6064502 4042
1856 6068544 3878
1857 6072422 2892
1858 6075314 1292
1859 6076606 3168
1860 6079774 7693
1861 6087467 19076
1862 6106543 2199
1863 6108742 3787
1864 6112529 1649
1865 6114178 4255
1866 6118433 5123
1867 6123556 8856
1868 6132412 3146
1869 6135558 13379
1870 6148937 3747
1871 6152684 187
1872 6152871 6377
1873 6159248 8713
1874 6167961 5770
1875 6173731 2169
1876 6175900 4977
1877 6180877 1216
1878 6182093 3866
1879 6185959 6367
1880 6192326 1667
1881 6193993 3442
1882 6197435 2808
1883 6200243 6295
1884 6206538 5398
1885 6211936 1809
1886 6213745 6757
1887 6220502 3676
1888 6224178 10437
1889 6234615 6983
1890 6241598 4565
1891 6246163 3527
1892 6249690 6455
1893 6256145 9641
1894 6265786 1595
1895 6267381 2780
1896 6270161 2403
1897 6272564 4562
1898 6277126 8716
1899 6285842 1588
1900 6287430 4818
1901 6292248 176
1902 6292424 176
1903 6292600 197
1904 6292797 188
1905 6292985 161
1906 6293146 202
1907 6293348 201
1908 6293549 201
1909 6293750 200
1910 6293950 203
1911 6294153 194
1912 6294347 176
1913 6294523 159
1914 6294682 164
1915 6294846 186
1916 6295032 183
1917 6295215 205
1918 6295420 180
1919 6295600 161
1920 6295761 167
1921 6295928 182
1922 6296110 176
1923 6296286 196
1924 6296482 197
1925 6296679 201
1926 6296880 197
1927 6297077 161
1928 6297238 189
1929 6297427 203
1930 6297630 183
1931 6297813 201
1932 6298014 176
1933 6298190 195
1934 6298385 200
1935 6298585 197
1936 6298782 204
1937 6298986 180
1938 6299166 207
1939 6299373 199
1940 6299572 202
1941 6299774 203
1942 6299977 197
1943 6300174 195
1944 6300369 190
1945 6300559 182
1946 6300741 167
1947 6300908 202
1948 6301110 194
1949 6301304 170
1950 6301474 155
1951 6301629 6354
1952 6307983 3582
1953 6311565 6859
1954 6318424 10181
1955 6328605 2177
1956 6330782 3674
1957 6334456 2335
1958 6336791 3707
1959 6340498 2946
1960 6343444 3773
1961 6347217 1621
1962 6348838 10138
1963 6358976 2143
1964 6361119 4986
1965 6366105 2419
1966 6368524 1513
1967 6370037 7957
1968 6377994 6794
1969 6384788 4452
1970 6389240 9617
1971 6398857 6412
1972 6405269 5737
1973 6411006 2877
1974 6413883 5682
1975 6419565 10450
1976 6430015 4315
1977 6434330 6165
1978 6440495 4639
1979 6445134 2276
1980 6447410 3431
1981 6450841 8906
1982 6459747 1807
1983 6461554 5742
1984 6467296 4049
1985 6471345 4054
1986 6475399 2612
1987 6478011 368
1988 6478379 1857
1989 6480236 7404
1990 6487640 4450
1991 6492090 2430
1992 6494520 1744
1993 6496264 3088
1994 6499352 3527
1995 6502879 2793
1996 6505672 5240
1997 6510912 1177
1998 6512089 1163
1999 6513252 3115
2000 6516367 7622
2001 6523989 7655
2002 6531644 1190
2003 6532834 6037
2004 6538871 1693
2005 6540564 2330
2006 6542894 4839
2007 6547733 1724
2008 6549457 3358
2009 6552815 1928
2010 6554743 1172
2011 6555915 2642
2012 6558557 671
2013 6559228 2801
2014 6562029 5211
2015 6567240 187
2016 6567427 1657
2017 6569084 2835
2018 6571919 4163
2019 6576082 1252
2020 6577334 1112
2021 6578446 1619
2022 6580065 1183
2023 6581248 1663
2024 6582911 825
2025 6583736 866
2026 6584602 3828
2027 6588430 831
2028 6589261 3115
2029 6592376 7846
2030 6600222 2548
2031 6602770 1507
2032 6604277 3162
2033 6607439 1159
2034 6608598 2700
2035 6611298 2352
2036 6613650 1347
2037 6614997 1030
2038 6616027 3673
2039 6619700 3073
2040 6622773 1465
2041 6624238 8354
2042 6632592 1464
2043 6634056 2057
2044 6636113 957
2045 6637070 1667
2046 6638737 1626
2047 6640363 915
2048 6641278 2428
2049 6643706 9647
2050 6653353 3960
2051 6657313 1994
2052 6659307 3114
2053 6662421 6317
2054 6668738 981
2055 6669719 6638
2056 6676357 935
2057 6677292 1145
2058 6678437 786
2059 6679223 6310
2060 6685533 2842
2061 6688375 5076
2062 6693451 9067
2063 6702518 7352
2064 6709870 1829
2065 6711699 5488
2066 6717187 3598
2067 6720785 1507
2068 6722292 639
2069 6722931 3282
2070 6726213 9168
2071 6735381 2877
2072 6738258 2215
2073 6740473 5712
2074 6746185 1298
2075 6747483 4410
2076 6751893 690
2077 6752583 2551
2078 6755134 1536
2079 6756670 1133
2080 6757803 2515
2081 6760318 4359
2082 6764677 2924
2083 6767601 5429
2084 6773030 5863
2085 6778893 4462
2086 6783355 2759
2087 6786114 2065
2088 6788179 1067
2089 6789246 805
2090 6790051 2636
2091 6792687 5780
2092 6798467 945
2093 6799412 1805
2094 6801217 1732
2095 6802949 7470
2096 6810419 1204
2097 6811623 2224
2098 6813847 2429
2099 6816276 1391
2100 6817667 580
2101 6818247 5001
2102 6823248 6119
2103 6829367 11621
2104 6840988 1215
2105 6842203 2340
2106 6844543 1027
2107 6845570 1262
2108 6846832 2180
2109 6849012 2818
2110 6851830 5184
2111 6857014 2438
2112 6859452 3020
2113 6862472 20077
2114 6882549 2846
2115 6885395 1610
2116 6887005 2244
2117 6889249 1761
2118 6891010 1458
2119 6892468 7348
2120 6899816 4600
2121 6904416 12588
2122 6917004 2410
2123 6919414 1820
2124 6921234 1443
2125 6922677 3106
2126 6925783 1376
2127 6927159 3878
2128 6931037 1101
2129 6932138 1128
2130 6933266 1334
2131 6934600 2383
2132 6936983 1957
2133 6938940 2358
2134 6941298 3463
2135 6944761 197
2136 6944958 968
2137 6945926 7317
2138 6953243 5207
2139 6958450 6567
2140 6965017 4431
2141 6969448 3696
2142 6973144 2747
2143 6975891 30920
2144 7006811 3959
2145 7010770 5284
2146 7016054 2842
2147 7018896 1962
2148 7020858 4740
2149 7025598 1223
2150 7026821 2559
2151 7029380 5127
2152 7034507 7820
2153 7042327 5314
2154 7047641 11003
2155 7058644 1828
2156 7060472 7263
2157 7067735 3684
2158 7071419 7922
2159 7079341 474
2160 7079815 5209
2161 7085024 2490
2162 7087514 3077
2163 7090591 3875
2164 7094466 745
2165 7095211 867
2166 7096078 5668
2167 7101746 1480
2168 7103226 2134
2169 7105360 2614
2170 7107974 3662
2171 7111636 3266
2172 7114902 2082
2173 7116984 4822
2174 7121806 10138
2175 7131944 583
2176 7132527 3160
2177 7135687 3449
2178 7139136 5310
2179 7144446 3759
2180 7148205 6244
2181 7154449 9852
2182 7164301 2071
2183 7166372 1627
2184 7167999 3119
2185 7171118 5576
2186 7176694 3664
2187 7180358 1978
2188 7182336 4390
2189 7186726 1360
2190 7188086 9449
2191 7197535 4572
2192 7202107 2577
2193 7204684 3571
2194 7208255 1799
2195 7210054 1479
2196 7211533 1501
2197 7213034 4712
2198 7217746 2887
2199 7220633 8555
2200 7229188 7771
2201 7236959 5302
2202 7242261 3037
2203 7245298 7120
2204 7252418 1190
2205 7253608 2797
2206 7256405 2584
2207 7258989 1944
2208 7260933 2313
2209 7263246 520
2210 7263766 5877
2211 7269643 513
2212 7270156 2069
2213 7272225 6621
2214 7278846 5876
2215 7284722 2514
2216 7287236 3068
2217 7290304 8935
2218 7299239 3610
2219 7302849 3887
2220 7306736 3034
2221 7309770 8950
2222 7318720 4034
2223 7322754 3387
2224 7326141 3632
2225 7329773 1461
2226 7331234 4476
2227 7335710 1016
2228 7336726 1770
2229 7338496 5590
2230 7344086 2089
2231 7346175 1790
2232 7347965 15848
2233 7363813 5927
2234 7369740 2248
2235 7371988 2612
2236 7374600 5397
2237 7379997 3916
2238 7383913 13765
2239 7397678 3820
2240 7401498 1843
2241 7403341 3633
2242 7406974 6588
2243 7413562 2955
2244 7416517 559
2245 7417076 4684
2246 7421760 4550
2247 7426310 2704
2248 7429014 4737
2249 7433751 2152
2250 7435903 734
2251 7436637 755
2252 7437392 3223
2253 7440615 760
2254 7441375 6210
2255 7447585 6352
2256 7453937 5730
2257 7459667 10741
2258 7470408 3786
2259 7474194 1577
2260 7475771 2142
2261 7477913 9577
2262 7487490 4305
2263 7491795 6378
2264 7498173 3041
2265 7501214 6091
2266 7507305 6072
2267 7513377 1686
2268 7515063 6465
2269 7521528 3268
2270 7524796 6703
2271 7531499 9027
2272 7540526 1418
2273 7541944 2903
2274 7544847 1768
2275 7546615 3344
2276 7549959 6010
2277 7555969 6790
2278 7562759 6296
2279 7569055 6418
2280 7575473 9693
2281 7585166 9734
2282 7594900 1174
2283 7596074 707
2284 7596781 1140
2285 7597921 3790
2286 7601711 662
2287 7602373 5520
2288 7607893 1385
2289 7609278 2774
2290 7612052 2311
2291 7614363 5521
2292 7619884 12211
2293 7632095 2590
2294 7634685 26079
2295 7660764 3704
2296 7664468 4029
2297 7668497 12424
2298 7680921 4395
2299 7685316 3885
2300 7689201 14645
2301 7703846 12267
2302 7716113 3669
2303 7719782 1630
2304 7721412 9096
2305 7730508 1797
2306 7732305 706
2307 7733011 3225
2308 7736236 2850
2309 7739086 5813
2310 7744899 9612
2311 7754511 4037
2312 7758548 1128
2313 7759676 1779
2314 7761455 5494
2315 7766949 4591
2316 7771540 4537
2317 7776077 4388
2318 7780465 1852
2319 7782317 4364
2320 7786681 3669
2321 7790350 6158
2322 7796508 4185
2323 7800693 1099
2324 7801792 728
2325 7802520 8838
2326 7811358 3948
2327 7815306 7001
2328 7822307 1506
2329 7823813 2472
2330 7826285 1081
2331 7827366 1019
2332 7828385 1010
2333 7829395 5321
2334 7834716 10993
2335 7845709 741
2336 7846450 660
2337 7847110 4012
2338 7851122 10084
2339 7861206 1303
2340 7862509 3104
2341 7865613 846
2342 7866459 677
2343 7867136 621
2344 7867757 982
2345 7868739 720
2346 7869459 1747
2347 7871206 12293
2348 7883499 4321
2349 7887820 11186
2350 7899006 3605
2351 7902611 8071
2352 7910682 11535
2353 7922217 2033
2354 7924250 3593
2355 7927843 5155
2356 7932998 5320
2357 7938318 5148
2358 7943466 6326
2359 7949792 1019
2360 7950811 7184
2361 7957995 2929
2362 7960924 9521
2363 7970445 4205
2364 7974650 6410
2365 7981060 2871
2366 7983931 1580
2367 7985511 2907
2368 7988418 3387
2369 7991805 1758
2370 7993563 5540
2371 7999103 9058
2372 8008161 173
2373 8008334 2279
2374 8010613 8406
2375 8019019 6784
2376 8025803 6446
2377 8032249 3675
2378 8035924 3368
2379 8039292 2874
2380 8042166 3400
2381 8045566 456
2382 8046022 2154
2383 8048176 3912
2384 8052088 3601
2385 8055689 2896
2386 8058585 3565
2387 8062150 2682
2388 8064832 6547
2389 8071379 9408
2390 8080787 8425
2391 8089212 10512
2392 8099724 9679
2393 8109403 10261
2394 8119664 7943
2395 8127607 5459
2396 8133066 6229
2397 8139295 7478
2398 8146773 3536
2399 8150309 3975
2400 8154284 2356
2401 8156640 1543
2402 8158183 1648
2403 8159831 3137
2404 8162968 3499
2405 8166467 7585
2406 8174052 6327
2407 8180379 5922
2408 8186301 3558
2409 8189859 4579
2410 8194438 3469
2411 8197907 11589
2412 8209496 5137
2413 8214633 6626
2414 8221259 4791
2415 8226050 1056
2416 8227106 4152
2417 8231258 3643
2418 8234901 3428
2419 8238329 4297
2420 8242626 4890
2421 8247516 4543
2422 8252059 7971
2423 8260030 2231
2424 8262261 5523
2425 8267784 4363
2426 8272147 6517
2427 8278664 4775
2428 8283439 2153
2429 8285592 2129
2430 8287721 1479
2431 8289200 3299
2432 8292499 4581
2433 8297080 4120
2434 8301200 6221
2435 8307421 8563
2436 8315984 1839
2437 8317823 5766
2438 8323589 7260
2439 8330849 1271
2440 8332120 3406
2441 8335526 4093
2442 8339619 1612
2443 8341231 7280
2444 8348511 2740
2445 8351251 10125
2446 8361376 4278
2447 8365654 5790
2448 8371444 800
2449 8372244 3742
2450 8375986 1961
2451 8377947 2674
2452 8380621 2742
2453 8383363 1914
2454 8385277 2433
2455 8387710 7159
2456 8394869 1551
2457 8396420 1142
2458 8397562 1142
2459 8398704 1134
2460 8399838 1142
2461 8400980 1142
2462 8402122 1142
2463 8403264 1142
2464 8404406 1142
2465 8405548 1142
2466 8406690 785
2467 8407475 1117
2468 8408592 8077
2469 8416669 5543
2470 8422212 1317
2471 8423529 2001
2472 8425530 4752
2473 8430282 6782
2474 8437064 8183
2475 8445247 3913
2476 8449160 5487
2477 8454647 1241
2478 8455888 8853
2479 8464741 6013
2480 8470754 2057
2481 8472811 4452
2482 8477263 1939
2483 8479202 9301
2484 8488503 2397
2485 8490900 1265
2486 8492165 2918
2487 8495083 2152
2488 8497235 3009
2489 8500244 935
2490 8501179 3765
2491 8504944 2591
2492 8507535 1509
2493 8509044 3404
2494 8512448 1651
2495 8514099 6369
2496 8520468 2463
2497 8522931 2150
2498 8525081 5069
2499 8530150 8565
2500 8538715 5187
2501 8543902 1085
2502 8544987 1297
2503 8546284 1460
2504 8547744 2463
2505 8550207 2359
2506 8552566 1817
2507 8554383 3500
2508 8557883 2417
2509 8560300 3924
2510 8564224 3752
2511 8567976 434
2512 8568410 13384
2513 8581794 9601
2514 8591395 2459
2515 8593854 2081
2516 8595935 2429
2517 8598364 2653
2518 8601017 6380
2519 8607397 7995
2520 8615392 5227
2521 8620619 5945
2522 8626564 4557
2523 8631121 2493
2524 8633614 2481
2525 8636095 7412
2526 8643507 8509
2527 8652016 5403
2528 8657419 641
2529 8658060 2792
2530 8660852 3243
2531 8664095 1132
2532 8665227 1775
2533 8667002 1918
2534 8668920 634
2535 8669554 475
2536 8670029 598
2537 8670627 2570
2538 8673197 2512
2539 8675709 1915
2540 8677624 5767
2541 8683391 2030
2542 8685421 3818
2543 8689239 8131
2544 8697370 4185
2545 8701555 2381
2546 8703936 1571
2547 8705507 3006
2548 8708513 1773
2549 8710286 8304
2550 8718590 1693
2551 8720283 6707
2552 8726990 8213
2553 8735203 3709
2554 8738912 5014
2555 8743926 3494
2556 8747420 1882
2557 8749302 985
2558 8750287 1404
2559 8751691 1163
2560 8752854 2092
2561 8754946 1292
2562 8756238 1731
2563 8757969 1801
2564 8759770 2175
2565 8761945 1797
2566 8763742 7660
2567 8771402 18348
2568 8789750 3872
2569 8793622 4404
2570 8798026 3339
2571 8801365 3542
2572 8804907 10506
2573 8815413 4058
2574 8819471 1212
2575 8820683 887
2576 8821570 1499
2577 8823069 960
2578 8824029 1968
2579 8825997 4457
2580 8830454 1625
2581 8832079 6237
2582 8838316 7693
2583 8846009 1988
2584 8847997 3998
2585 8851995 2668
2586 8854663 4766
2587 8859429 8843
2588 8868272 4972
2589 8873244 7970
2590 8881214 4780
2591 8885994 10034
2592 8896028 2207
2593 8898235 1612
2594 8899847 2096
2595 8901943 1871
2596 8903814 2432
2597 8906246 2890
2598 8909136 2578
2599 8911714 13297
2600 8925011 2485
2601 8927496 2256
2602 8929752 2510
2603 8932262 3082
2604 8935344 1583
2605 8936927 10156
2606 8947083 9648
2607 8956731 4716
2608 8961447 6996
2609 8968443 3656
2610 8972099 3423
2611 8975522 2843
2612 8978365 5874
2613 8984239 3080
2614 8987319 5855
2615 8993174 4769
2616 8997943 13731
2617 9011674 3827
2618 9015501 2966
2619 9018467 1620
2620 9020087 8105
2621 9028192 5688
2622 9033880 12499
2623 9046379 3812
2624 9050191 2201
2625 9052392 5464
2626 9057856 5846
2627 9063702 7924
2628 9071626 10139
2629 9081765 3599
2630 9085364 3385
2631 9088749 2181
2632 9090930 381
2633 9091311 3780
2634 9095091 2027
2635 9097118 1480
2636 9098598 7375
2637 9105973 1017
2638 9106990 941
2639 9107931 1674
2640 9109605 3275
2641 9112880 1822
2642 9114702 4058
2643 9118760 2167
2644 9120927 4024
2645 9124951 1394
2646 9126345 4917
2647 9131262 2599
2648 9133861 1750
2649 9135611 1973
2650 9137584 1482
2651 9139066 1588
2652 9140654 3076
2653 9143730 1177
2654 9144907 582
2655 9145489 1568
2656 9147057 1639
2657 9148696 1565
2658 9150261 8819
2659 9159080 7782
2660 9166862 4434
2661 9171296 2925
2662 9174221 608
2663 9174829 7690
2664 9182519 4048
2665 9186567 12555
2666 9199122 4929
2667 9204051 2528
2668 9206579 3904
2669 9210483 16208
2670 9226691 6314
2671 9233005 2625
2672 9235630 304
2673 9235934 2354
2674 9238288 3861
2675 9242149 2823
2676 9244972 13566
2677 9258538 7937
2678 9266475 1914
2679 9268389 2785
2680 9271174 1936
2681 9273110 1854
2682 9274964 3476
2683 9278440 2221
2684 9280661 3063
2685 9283724 1996
2686 9285720 1834
2687 9287554 2196
2688 9289750 2942
2689 9292692 2862
2690 9295554 1935
2691 9297489 2220
2692 9299709 2195
2693 9301904 1833
2694 9303737 1995
2695 9305732 2609
2696 9308341 3326
2697 9311667 2173
2698 9313840 1916
2699 9315756 1779
2700 9317535 2091
2701 9319626 4507
2702 9324133 3903
2703 9328036 3805
2704 9331841 3012
2705 9334853 2457
2706 9337310 2572
2707 9339882 2337
2708 9342219 2378
2709 9344597 4507
2710 9349104 319
2711 9349423 5870
2712 9355293 3903
2713 9359196 3805
2714 9363001 9959
2715 9372960 2813
2716 9375773 965
2717 9376738 4429
2718 9381167 7177
2719 9388344 304
2720 9388648 3204
2721 9391852 2677
2722 9394529 2384
2723 9396913 2603
2724 9399516 3574
2725 9403090 4359
2726 9407449 2616
2727 9410065 4997
2728 9415062 2755
2729 9417817 8233
2730 9426050 2758
2731 9428808 6293
2732 9435101 2452
2733 9437553 1225
2734 9438778 17846
2735 9456624 9879
2736 9466503 2966
2737 9469469 3249
2738 9472718 5893
2739 9478611 3488
2740 9482099 1947
2741 9484046 3085
2742 9487131 4500
2743 9491631 4381
2744 9496012 3725
2745 9499737 2997
2746 9502734 24581
2747 9527315 11338
2748 9538653 16330
2749 9554983 30733
2750 9585716 3791
2751 9589507 3227
2752 9592734 3730
2753 9596464 4243
2754 9600707 3600
2755 9604307 14600
2756 9618907 3047
2757 9621954 4815
2758 9626769 4098
2759 9630867 2616
2760 9633483 2719
2761 9636202 3565
2762 9639767 3463
2763 9643230 19790
2764 9663020 3993
2765 9667013 1247
2766 9668260 4167
2767 9672427 3669
2768 9676096 5342
2769 9681438 4314
2770 9685752 3788
2771 9689540 4366
2772 9693906 3063
2773 9696969 1683
2774 9698652 4298
2775 9702950 3730
2776 9706680 3172
2777 9709852 3991
2778 9713843 4153
2779 9717996 3537
2780 9721533 3637
2781 9725170 3799
2782 9728969 3998
2783 9732967 3465
2784 9736432 4304
2785 9740736 10505
2786 9751241 3757
2787 9754998 4713
2788 9759711 3497
2789 9763208 4015
2790 9767223 4770
2791 9771993 4179
2792 9776172 3945
2793 9780117 3472
2794 9783589 2839
2795 9786428 3084
2796 9789512 3126
2797 9792638 4055
2798 9796693 3261
2799 9799954 19350
2800 9819304 4348
2801 9823652 3401
2802 9827053 1547
2803 9828600 3447
2804 9832047 3509
2805 9835556 19535
2806 9855091 4667
2807 9859758 1504
2808 9861262 3407
2809 9864669 4842
2810 9869511 4140
2811 9873651 3336
2812 9876987 1220
2813 9878207 3447
2814 9881654 5439
2815 9887093 3769
2816 9890862 5059
2817 9895921 3165
2818 9899086 3283
2819 9902369 3632
2820 9906001 3724
2821 9909725 3474
2822 9913199 2730
2823 9915929 3232
2824 9919161 3640
2825 9922801 3189
2826 9925990 3544
2827 9929534 18933
2828 9948467 4510
2829 9952977 3775
2830 9956752 3615
2831 9960367 1588
2832 9961955 4323
2833 9966278 1232
2834 9967510 926
2835 9968436 2954
2836 9971390 4065
2837 9975455 3543
2838 9978998 2842
2839 9981840 3522
2840 9985362 2606
2841 9987968 1103
2842 9989071 4216
2843 9993287 19808
2844 10013095 3821
2845 10016916 4816
2846 10021732 3323
2847 10025055 4809
2848 10029864 3309
2849 10033173 3269
2850 10036442 3641
2851 10040083 5103
2852 10045186 9788
2853 10054974 1649
2854 10056623 738
2855 10057361 723
2856 10058084 2917
2857 10061001 1867
2858 10062868 2308
2859 10065176 3179
2860 10068355 2889
2861 10071244 2952
2862 10074196 3004
2863 10077200 2434
2864 10079634 2465
2865 10082099 2534
2866 10084633 850
2867 10085483 1592
2868 10087075 5826
2869 10092901 2574
2870 10095475 1284
2871 10096759 2041
2872 10098800 1576
2873 10100376 2894
2874 10103270 5799
2875 10109069 1191
2876 10110260 2818
2877 10113078 1840
2878 10114918 1233
2879 10116151 1117
2880 10117268 1774
2881 10119042 5988
2882 10125030 1798
2883 10126828 3436
2884 10130264 1591
2885 10131855 609
2886 10132464 2700
2887 10135164 895
2888 10136059 5757
2889 10141816 5207
2890 10147023 1609
2891 10148632 760
2892 10149392 789
2893 10150181 2481
2894 10152662 5796
2895 10158458 3735
2896 10162193 3711
2897 10165904 3669
2898 10169573 3764
2899 10173337 3818
2900 10177155 3846
2901 10181001 4050
2902 10185051 3867
2903 10188918 3792
2904 10192710 3816
2905 10196526 3834
2906 10200360 3753
2907 10204113 3792
2908 10207905 3810
2909 10211715 3806
2910 10215521 3853
2911 10219374 3692
2912 10223066 625
2913 10223691 5816
2914 10229507 681
2915 10230188 2801
2916 10232989 2864
2917 10235853 1089
2918 10236942 1272
2919 10238214 7577
2920 10245791 1481
2921 10247272 2293
2922 10249565 2093
2923 10251658 1454
2924 10253112 980
2925 10254092 1699
2926 10255791 2619
2927 10258410 1906
2928 10260316 17037
2929 10277353 1543
2930 10278896 4844
2931 10283740 2105
2932 10285845 2816
2933 10288661 6276
2934 10294937 530
2935 10295467 4030
2936 10299497 2038
2937 10301535 1209
2938 10302744 4655
2939 10307399 850
2940 10308249 2114
2941 10310363 1892
2942 10312255 4179
2943 10316434 4692
2944 10321126 9234
2945 10330360 4127
2946 10334487 2703
2947 10337190 841
2948 10338031 806
2949 10338837 905
2950 10339742 1049
2951 10340791 659
2952 10341450 650
2953 10342100 673
2954 10342773 654
2955 10343427 693
2956 10344120 671
2957 10344791 682
2958 10345473 628
2959 10346101 623
2960 10346724 646
2961 10347370 631
2962 10348001 709
2963 10348710 677
2964 10349387 655
2965 10350042 623
2966 10350665 666
2967 10351331 619
2968 10351950 651
2969 10352601 636
2970 10353237 624
2971 10353861 644
2972 10354505 637
2973 10355142 647
2974 10355789 641
2975 10356430 659
2976 10357089 693
2977 10357782 643
2978 10358425 676
2979 10359101 656
2980 10359757 652
2981 10360409 671
2982 10361080 653
2983 10361733 659
2984 10362392 691
2985 10363083 646
2986 10363729 679
2987 10364408 688
2988 10365096 665
2989 10365761 689
2990 10366450 650
2991 10367100 666
2992 10367766 698
2993 10368464 678
2994 10369142 654
2995 10369796 629
2996 10370425 662
2997 10371087 642
2998 10371729 652
2999 10372381 629
3000 10373010 656
3001 10373666 644
3002 10374310 642
3003 10374952 644
3004 10375596 638
3005 10376234 650
3006 10376884 692
3007 10377576 648
3008 10378224 678
3009 10378902 658
3010 10379560 623
3011 10380183 661
3012 10380844 654
3013 10381498 674
3014 10382172 656
3015 10382828 693
3016 10383521 628
3017 10384149 647
3018 10384796 679
3019 10385475 654
3020 10386129 661
3021 10386790 653
3022 10387443 656
3023 10388099 674
3024 10388773 693
3025 10389466 647
3026 10390113 677
3027 10390790 642
3028 10391432 705
3029 10392137 659
3030 10392796 634
3031 10393430 663
3032 10394093 646
3033 10394739 657
3034 10395396 645
3035 10396041 632
3036 10396673 645
3037 10397318 640
3038 10397958 657
3039 10398615 641
3040 10399256 695
3041 10399951 668
3042 10400619 649
3043 10401268 678
3044 10401946 646
3045 10402592 649
3046 10403241 654
3047 10403895 654
3048 10404549 652
3049 10405201 674
3050 10405875 655
3051 10406530 692
3052 10407222 648
3053 10407870 679
3054 10408549 687
3055 10409236 654
3056 10409890 630
3057 10410520 656
3058 10411176 654
3059 10411830 673
3060 10412503 661
3061 10413164 693
3062 10413857 648
3063 10414505 652
3064 10415157 646
3065 10415803 703
3066 10416506 678
3067 10417184 645
3068 10417829 657
3069 10418486 657
3070 10419143 632
3071 10419775 649
3072 10420424 644
3073 10421068 648
3074 10421716 636
3075 10422352 651
3076 10423003 645
3077 10423648 649
3078 10424297 647
3079 10424944 664
3080 10425608 693
3081 10426301 618
3082 10426919 676
3083 10427595 648
3084 10428243 678
3085 10428921 654
3086 10429575 689
3087 10430264 675
3088 10430939 658
3089 10431597 653
3090 10432250 690
3091 10432940 648
3092 10433588 704
3093 10434292 628
3094 10434920 637
3095 10435557 676
3096 10436233 657
3097 10436890 656
3098 10437546 664
3099 10438210 693
3100 10438903 655
3101 10439558 673
3102 10440231 685
3103 10440916 652
3104 10441568 662
3105 10442230 649
3106 10442879 700
3107 10443579 704
3108 10444283 652
3109 10444935 678
3110 10445613 649
3111 10446262 638
3112 10446900 642
3113 10447542 646
3114 10448188 643
3115 10448831 675
3116 10449506 655
3117 10450161 632
3118 10450793 634
3119 10451427 634
3120 10452061 646
3121 10452707 645
3122 10453352 674
3123 10454026 664
3124 10454690 685
3125 10455375 647
3126 10456022 688
3127 10456710 677
3128 10457387 651
3129 10458038 676
3130 10458714 668
3131 10459382 680
3132 10460062 664
3133 10460726 663
3134 10461389 688
3135 10462077 644
3136 10462721 190
3137 10462911 173
3138 10463084 677
3139 10463761 660
3140 10464421 688
3141 10465109 696
3142 10465805 649
3143 10466454 654
3144 10467108 677
3145 10467785 641
3146 10468426 647
3147 10469073 642
3148 10469715 641
3149 10470356 683
3150 10471039 640
3151 10471679 654
3152 10472333 640
3153 10472973 623
3154 10473596 642
3155 10474238 646
3156 10474884 631
3157 10475515 644
3158 10476159 641
3159 10476800 659
3160 10477459 639
3161 10478098 648
3162 10478746 684
3163 10479430 689
3164 10480119 704
3165 10480823 678
3166 10481501 644
3167 10482145 654
3168 10482799 675
3169 10483474 638
3170 10484112 677
3171 10484789 634
3172 10485423 650
3173 10486073 662
3174 10486735 647
3175 10487382 660
3176 10488042 684
3177 10488726 644
3178 10489370 637
3179 10490007 677
3180 10490684 647
3181 10491331 662
3182 10491993 639
3183 10492632 684
3184 10493316 648
3185 10493964 665
3186 10494629 650
3187 10495279 660
3188 10495939 698
3189 10496637 693
3190 10497330 704
3191 10498034 646
3192 10498680 718
3193 10499398 675
3194 10500073 644
3195 10500717 649
3196 10501366 638
3197 10502004 669
3198 10502673 628
3199 10503301 634
3200 10503935 657
3201 10504592 637
3202 10505229 655
3203 10505884 642
3204 10506526 669
3205 10507195 633
3206 10507828 683
3207 10508511 667
3208 10509178 646
3209 10509824 676
3210 10510500 642
3211 10511142 648
3212 10511790 683
3213 10512473 670
3214 10513143 648
3215 10513791 649
3216 10514440 661
3217 10515101 645
3218 10515746 676
3219 10516422 680
3220 10517102 642
3221 10517744 634
3222 10518378 686
3223 10519064 653
3224 10519717 646
3225 10520363 671
3226 10521034 661
3227 10521695 639
3228 10522334 677
3229 10523011 716
3230 10523727 676
3231 10524403 648
3232 10525051 695
3233 10525746 694
3234 10526440 687
3235 10527127 703
3236 10527830 706
3237 10528536 680
3238 10529216 675
3239 10529891 676
3240 10530567 693
3241 10531260 678
3242 10531938 663
3243 10532601 686
3244 10533287 628
3245 10533915 639
3246 10534554 676
3247 10535230 649
3248 10535879 686
3249 10536565 649
3250 10537214 671
3251 10537885 650
3252 10538535 658
3253 10539193 637
3254 10539830 678
3255 10540508 663
3256 10541171 623
3257 10541794 687
3258 10542481 653
3259 10543134 652
3260 10543786 676
3261 10544462 658
3262 10545120 689
3263 10545809 640
3264 10546449 725
3265 10547174 724
3266 10547898 715
3267 10548613 676
3268 10549289 660
3269 10549949 627
3270 10550576 636
3271 10551212 640
3272 10551852 647
3273 10552499 621
3274 10553120 667
3275 10553787 615
3276 10554402 625
3277 10555027 649
3278 10555676 628
3279 10556304 664
3280 10556968 688
3281 10557656 639
3282 10558295 676
3283 10558971 200
3284 10559171 662
3285 10559833 680
3286 10560513 686
3287 10561199 669
3288 10561868 652
3289 10562520 676
3290 10563196 653
3291 10563849 663
3292 10564512 639
3293 10565151 667
3294 10565818 678
3295 10566496 687
3296 10567183 639
3297 10567822 674
3298 10568496 676
3299 10569172 641
3300 10569813 706
3301 10570519 672
3302 10571191 628
3303 10571819 653
3304 10572472 642
3305 10573114 640
3306 10573754 637
3307 10574391 615
3308 10575006 638
3309 10575644 632
3310 10576276 638
3311 10576914 641
3312 10577555 636
3313 10578191 647
3314 10578838 685
3315 10579523 649
3316 10580172 674
3317 10580846 629
3318 10581475 657
3319 10582132 643
3320 10582775 707
3321 10583482 685
3322 10584167 678
3323 10584845 684
3324 10585529 649
3325 10586178 651
3326 10586829 643
3327 10587472 666
3328 10588138 637
3329 10588775 651
3330 10589426 649
3331 10590075 677
3332 10590752 646
3333 10591398 669
3334 10592067 687
3335 10592754 684
3336 10593438 662
3337 10594100 654
3338 10594754 664
3339 10595418 649
3340 10596067 677
3341 10596744 651
3342 10597395 659
3343 10598054 644
3344 10598698 636
3345 10599334 631
3346 10599965 640
3347 10600605 624
3348 10601229 640
3349 10601869 657
3350 10602526 640
3351 10603166 636
3352 10603802 685
3353 10604487 668
3354 10605155 648
3355 10605803 684
3356 10606487 676
3357 10607163 650
3358 10607813 686
3359 10608499 653
3360 10609152 654
3361 10609806 681
3362 10610487 667
3363 10611154 648
3364 10611802 676
3365 10612478 673
3366 10613151 649
3367 10613800 712
3368 10614512 663
3369 10615175 675
3370 10615850 630
3371 10616480 635
3372 10617115 627
3373 10617742 687
3374 10618429 681
3375 10619110 656
3376 10619766 656
3377 10620422 666
3378 10621088 648
3379 10621736 677
3380 10622413 654
3381 10623067 637
3382 10623704 643
3383 10624347 638
3384 10624985 630
3385 10625615 644
3386 10626259 633
3387 10626892 653
3388 10627545 618
3389 10628163 631
3390 10628794 646
3391 10629440 642
3392 10630082 687
3393 10630769 668
3394 10631437 672
3395 10632109 641
3396 10632750 655
3397 10633405 677
3398 10634082 634
3399 10634716 648
3400 10635364 649
3401 10636013 627
3402 10636640 631
3403 10637271 687
3404 10637958 650
3405 10638608 681
3406 10639289 648
3407 10639937 663
3408 10640600 641
3409 10641241 621
3410 10641862 677
3411 10642539 648
3412 10643187 687
3413 10643874 677
3414 10644551 649
3415 10645200 680
3416 10645880 649
3417 10646529 657
3418 10647186 641
3419 10647827 677
3420 10648504 629
3421 10649133 637
3422 10649770 656
3423 10650426 659
3424 10651085 632
3425 10651717 630
3426 10652347 681
3427 10653028 658
3428 10653686 631
3429 10654317 629
3430 10654946 687
3431 10655633 621
3432 10656254 663
3433 10656917 700
3434 10657617 659
3435 10658276 627
3436 10658903 634
3437 10659537 629
3438 10660166 639
3439 10660805 617
3440 10661422 641
3441 10662063 624
3442 10662687 623
3443 10663310 650
3444 10663960 632
3445 10664592 676
3446 10665268 648
3447 10665916 686
3448 10666602 615
3449 10667217 658
3450 10667875 644
3451 10668519 3333
3452 10671852 3684
3453 10675536 6350
3454 10681886 1481
3455 10683367 2678
3456 10686045 2087
3457 10688132 3102
3458 10691234 1596
3459 10692830 8508
3460 10701338 3497
3461 10704835 3384
3462 10708219 1359
3463 10709578 7909
3464 10717487 8193
3465 10725680 8630
3466 10734310 5679
3467 10739989 7412
3468 10747401 7075
3469 10754476 5484
3470 10759960 1788
3471 10761748 6417
3472 10768165 9029
3473 10777194 3857
3474 10781051 4586
3475 10785637 2720
3476 10788357 2390
3477 10790747 3854
3478 10794601 4802
3479 10799403 4255
3480 10803658 3240
3481 10806898 7045
3482 10813943 8568
3483 10822511 8481
3484 10830992 2789
3485 10833781 638
3486 10834419 4182
3487 10838601 8128
3488 10846729 8329
3489 10855058 5400
3490 10860458 2405
3491 10862863 7590
3492 10870453 6634
3493 10877087 3454
3494 10880541 2891
3495 10883432 1051
3496 10884483 3045
3497 10887528 10592
3498 10898120 7555
3499 10905675 7608
3500 10913283 1032
3501 10914315 2960
3502 10917275 1785
3503 10919060 8019
3504 10927079 6933
3505 10934012 4053
3506 10938065 1023
3507 10939088 9571
3508 10948659 9622
3509 10958281 2697
3510 10960978 3785
3511 10964763 5682
3512 10970445 14774
3513 10985219 3036
3514 10988255 4447
3515 10992702 7883
3516 11000585 6490
3517 11007075 2498
3518 11009573 3857
3519 11013430 3792
3520 11017222 1850
3521 11019072 3377
3522 11022449 5069
3523 11027518 2231
3524 11029749 1097
3525 11030846 1354
3526 11032200 3986
3527 11036186 981
3528 11037167 3477
3529 11040644 3291
3530 11043935 3666
3531 11047601 3267
3532 11050868 2455
3533 11053323 977
3534 11054300 1252
3535 11055552 8057
3536 11063609 7003
3537 11070612 4474
3538 11075086 7288
3539 11082374 986
3540 11083360 3320
3541 11086680 9061
3542 11095741 2138
3543 11097879 6286
3544 11104165 6277
3545 11110442 1133
3546 11111575 821
3547 11112396 6791
3548 11119187 3572
3549 11122759 2671
3550 11125430 1014
3551 11126444 3750
3552 11130194 1645
3553 11131839 2695
3554 11134534 2676
3555 11137210 508
3556 11137718 4144
3557 11141862 6066
3558 11147928 1732
3559 11149660 3587
3560 11153247 2449
3561 11155696 6017
3562 11161713 5774
3563 11167487 7760
3564 11175247 4933
3565 11180180 901
3566 11181081 1267
3567 11182348 2027
3568 11184375 4059
3569 11188434 3488
3570 11191922 600
3571 11192522 4053
3572 11196575 2904
3573 11199479 2847
3574 11202326 3499
3575 11205825 5606
3576 11211431 4641
3577 11216072 5088
3578 11221160 2701
3579 11223861 9162
3580 11233023 9400
3581 11242423 5542
3582 11247965 2017
3583 11249982 7349
3584 11257331 1988
3585 11259319 3482
3586 11262801 3728
3587 11266529 2602
3588 11269131 8360
3589 11277491 1302
3590 11278793 1878
3591 11280671 3082
3592 11283753 4554
3593 11288307 2019
3594 11290326 1195
3595 11291521 1215
3596 11292736 5283
3597 11298019 2777
3598 11300796 4010
3599 11304806 1132
3600 11305938 2018
3601 11307956 2140
3602 11310096 1333
3603 11311429 2888
3604 11314317 1580
3605 11315897 7315
3606 11323212 5292
3607 11328504 733
3608 11329237 528
3609 11329765 857
3610 11330622 668
3611 11331290 529
3612 11331819 567
3613 11332386 1337
3614 11333723 3520
3615 11337243 3735
3616 11340978 508
3617 11341486 2081
3618 11343567 1334
3619 11344901 3392
3620 11348293 6246
3621 11354539 3264
3622 11357803 5320
3623 11363123 3006
3624 11366129 3807
3625 11369936 3286
3626 11373222 3035
3627 11376257 2097
3628 11378354 1931
3629 11380285 3194
3630 11383479 3773
3631 11387252 207
3632 11387459 1938
3633 11389397 2168
3634 11391565 3805
3635 11395370 3796
3636 11399166 3618
3637 11402784 11148
3638 11413932 10071
3639 11424003 2047
3640 11426050 3820
3641 11429870 3444
3642 11433314 4214
3643 11437528 1513
3644 11439041 1454
3645 11440495 2349
3646 11442844 1946
3647 11444790 3098
3648 11447888 2757
3649 11450645 1915
3650 11452560 2384
3651 11454944 3680
3652 11458624 1999
3653 11460623 3215
3654 11463838 2860
3655 11466698 7576
3656 11474274 409
3657 11474683 511
3658 11475194 11259
3659 11486453 4490
3660 11490943 3675
3661 11494618 9025
3662 11503643 3406
3663 11507049 2050
3664 11509099 2000
3665 11511099 7130
3666 11518229 6463
3667 11524692 3689
3668 11528381 2245
3669 11530626 14968
3670 11545594 6413
3671 11552007 1327
3672 11553334 1974
3673 11555308 2936
3674 11558244 2583
3675 11560827 2135
3676 11562962 1587
3677 11564549 739
3678 11565288 1389
3679 11566677 733
3680 11567410 385
3681 11567795 3986
3682 11571781 3923
3683 11575704 3061
3684 11578765 4163
3685 11582928 7606
3686 11590534 5436
3687 11595970 1354
3688 11597324 5325
3689 11602649 1171
3690 11603820 927
3691 11604747 1857
3692 11606604 2418
3693 11609022 5495
3694 11614517 2509
3695 11617026 8099
3696 11625125 2469
3697 11627594 914
3698 11628508 845
3699 11629353 1641
3700 11630994 2237
3701 11633231 7285
3702 11640516 1639
3703 11642155 4767
3704 11646922 2455
3705 11649377 3636
3706 11653013 2691
3707 11655704 6967
3708 11662671 2302
3709 11664973 3021
3710 11667994 4603
3711 11672597 2521
3712 11675118 2883
3713 11678001 1904
3714 11679905 1273
3715 11681178 4736
3716 11685914 1633
3717 11687547 1002
3718 11688549 1601
3719 11690150 1799
3720 11691949 4608
3721 11696557 1672
3722 11698229 2684
3723 11700913 9348
3724 11710261 1876
3725 11712137 2633
3726 11714770 9089
3727 11723859 3550
3728 11727409 6157
3729 11733566 3368
3730 11736934 2955
3731 11739889 7881
3732 11747770 1733
3733 11749503 2200
3734 11751703 1646
3735 11753349 962
3736 11754311 2387
3737 11756698 1678
3738 11758376 1780
3739 11760156 15078
3740 11775234 7386
3741 11782620 3142
3742 11785762 1674
3743 11787436 1410
3744 11788846 7687
3745 11796533 1991
3746 11798524 2113
3747 11800637 1783
3748 11802420 1685
3749 11804105 2076
3750 11806181 1156
3751 11807337 1028
3752 11808365 1084
3753 11809449 6688
3754 11816137 2159
3755 11818296 1930
3756 11820226 6688
3757 11826914 6205
3758 11833119 3626
3759 11836745 629
3760 11837374 1835
3761 11839209 3079
3762 11842288 1256
3763 11843544 2299
3764 11845843 1111
3765 11846954 3478
3766 11850432 4110
3767 11854542 4326
3768 11858868 6286
3769 11865154 3753
3770 11868907 710
3771 11869617 4275
3772 11873892 4079
3773 11877971 535
3774 11878506 997
3775 11879503 1582
3776 11881085 3653
3777 11884738 3587
3778 11888325 4802
3779 11893127 2696
3780 11895823 2077
3781 11897900 3129
3782 11901029 800
3783 11901829 7180
3784 11909009 945
3785 11909954 3146
3786 11913100 2383
3787 11915483 2672
3788 11918155 3404
3789 11921559 2548
3790 11924107 4069
3791 11928176 2040
3792 11930216 1860
3793 11932076 4434
3794 11936510 1421
3795 11937931 4423
3796 11942354 3880
3797 11946234 5679
3798 11951913 6663
3799 11958576 4529
3800 11963105 1799
3801 11964904 1268
3802 11966172 2847
3803 11969019 6442
3804 11975461 2537
3805 11977998 3446
3806 11981444 2711
3807 11984155 2275
3808 11986430 10498
3809 11996928 762
3810 11997690 9114
3811 12006804 6812
3812 12013616 2203
3813 12015819 2519
3814 12018338 2389
3815 12020727 2368
3816 12023095 1345
3817 12024440 1134
3818 12025574 2944
3819 12028518 10170
3820 12038688 1275
3821 12039963 3967
3822 12043930 1123
3823 12045053 455
3824 12045508 10794
3825 12056302 1834
3826 12058136 3362
3827 12061498 3341
3828 12064839 3581
3829 12068420 9691
3830 12078111 2183
3831 12080294 1110
3832 12081404 779
3833 12082183 1053
3834 12083236 1831
3835 12085067 8520
3836 12093587 3454
3837 12097041 6344
3838 12103385 4813
3839 12108198 5609
3840 12113807 1705
3841 12115512 5359
3842 12120871 1690
3843 12122561 1709
3844 12124270 6801
3845 12131071 2783
3846 12133854 1495
3847 12135349 2065
3848 12137414 2579
3849 12139993 2576
3850 12142569 3779
3851 12146348 2134
3852 12148482 996
3853 12149478 5433
3854 12154911 1965
3855 12156876 1495
3856 12158371 1850
3857 12160221 1164
3858 12161385 1171
3859 12162556 6952
3860 12169508 3750
3861 12173258 1016
3862 12174274 2466
3863 12176740 2225
3864 12178965 3216
3865 12182181 2581
3866 12184762 30036
3867 12214798 1090
3868 12215888 1740
3869 12217628 5103
3870 12222731 1244
3871 12223975 1644
3872 12225619 1725
3873 12227344 2404
3874 12229748 1672
3875 12231420 1576
3876 12232996 2633
3877 12235629 3216
3878 12238845 4658
3879 12243503 1778
3880 12245281 949
3881 12246230 1488
3882 12247718 2048
3883 12249766 1522
3884 12251288 1794
3885 12253082 1282
3886 12254364 1901
3887 12256265 1617
3888 12257882 854
3889 12258736 2712
3890 12261448 1869
3891 12263317 6149
3892 12269466 2723
3893 12272189 1398
3894 12273587 1200
3895 12274787 2682
3896 12277469 1451
3897 12278920 2311
3898 12281231 1462
3899 12282693 1334
3900 12284027 2186
3901 12286213 1515
3902 12287728 1710
3903 12289438 5214
3904 12294652 2582
3905 12297234 5604
3906 12302838 1670
3907 12304508 1292
3908 12305800 2965
3909 12308765 1597
3910 12310362 2785
3911 12313147 1289
3912 12314436 856
3913 12315292 1603
3914 12316895 3991
3915 12320886 3232
3916 12324118 2981
3917 12327099 3353
3918 12330452 2708
3919 12333160 1403
3920 12334563 1366
3921 12335929 880
3922 12336809 2161
3923 12338970 1623
3924 12340593 1086
3925 12341679 3320
3926 12344999 3197
3927 12348196 3774
3928 12351970 1750
3929 12353720 4868
3930 12358588 3860
3931 12362448 1763
3932 12364211 1781
3933 12365992 965
3934 12366957 1266
3935 12368223 981
3936 12369204 1158
3937 12370362 5082
3938 12375444 2277
3939 12377721 1851
3940 12379572 1125
3941 12380697 1288
3942 12381985 1234
3943 12383219 4179
3944 12387398 1502
3945 12388900 2685
3946 12391585 2137
3947 12393722 1095
3948 12394817 1830
3949 12396647 4995
3950 12401642 2334
3951 12403976 5310
3952 12409286 1304
3953 12410590 14596
3954 12425186 1096
3955 12426282 1317
3956 12427599 5235
3957 12432834 2502
3958 12435336 3089
3959 12438425 6874
3960 12445299 6206
3961 12451505 9204
3962 12460709 11697
3963 12472406 2073
3964 12474479 6502
3965 12480981 5817
3966 12486798 10030
3967 12496828 7708
3968 12504536 189
3969 12504725 225
3970 12504950 250
3971 12505200 177
3972 12505377 211
3973 12505588 189
3974 12505777 234
3975 12506011 5978
3976 12511989 1223
3977 12513212 4935
3978 12518147 9982
3979 12528129 5504
3980 12533633 3037
3981 12536670 1990
3982 12538660 1954
3983 12540614 2317
3984 12542931 1820
3985 12544751 1414
3986 12546165 1494
3987 12547659 1559
3988 12549218 1633
3989 12550851 3455
3990 12554306 2545
3991 12556851 15273
3992 12572124 3301
3993 12575425 7968
3994 12583393 3674
3995 12587067 3424
3996 12590491 6150
3997 12596641 2550
3998 12599191 3684
3999 12602875 2755
4000 12605630 9361
4001 12614991 1378
4002 12616369 175
4003 12616544 1926
4004 12618470 4971
4005 12623441 1396
4006 12624837 1692
4007 12626529 1830
4008 12628359 2870
4009 12631229 8163
4010 12639392 7514
4011 12646906 3485
4012 12650391 9745
4013 12660136 1639
4014 12661775 946
4015 12662721 1649
4016 12664370 4127
4017 12668497 3756
4018 12672253 1019
4019 12673272 15087
4020 12688359 4127
4021 12692486 6504
4022 12698990 3481
4023 12702471 3492
4024 12705963 1210
4025 12707173 4787
4026 12711960 756
4027 12712716 493
4028 12713209 7785
4029 12720994 2853
4030 12723847 3623
4031 12727470 2729
4032 12730199 1207
4033 12731406 987
4034 12732393 2139
4035 12734532 234
4036 12734766 189
4037 12734955 244
4038 12735199 11857
4039 12747056 5351
4040 12752407 5894
4041 12758301 1760
4042 12760061 1044
4043 12761105 22665
4044 12783770 1501
4045 12785271 6615
4046 12791886 6408
4047 12798294 9572
4048 12807866 1624
4049 12809490 3770
4050 12813260 2094
4051 12815354 466
4052 12815820 3157
4053 12818977 2105
4054 12821082 10188
4055 12831270 1121
4056 12832391 1337
4057 12833728 5176
4058 12838904 2527
4059 12841431 6649
4060 12848080 7820
4061 12855900 1412
4062 12857312 1766
4063 12859078 2240
4064 12861318 3408
4065 12864726 1952
4066 12866678 2096
4067 12868774 6043
4068 12874817 2070
4069 12876887 1451
4070 12878338 1101
4071 12879439 3172
4072 12882611 6309
4073 12888920 1978
4074 12890898 2386
4075 12893284 2603
4076 12895887 2607
4077 12898494 3597
4078 12902091 1407
4079 12903498 8490
4080 12911988 3904
4081 12915892 1474
4082 12917366 10440
4083 12927806 4094
4084 12931900 7197
4085 12939097 10030
4086 12949127 3354
4087 12952481 6490
4088 12958971 4367
4089 12963338 4656
4090 12967994 2988
4091 12970982 1315
4092 12972297 3068
4093 12975365 1951
4094 12977316 1664
4095 12978980 1710
4096 12980690 3348
4097 12984038 2059
4098 12986097 2124
4099 12988221 978
4100 12989199 1888
4101 12991087 3952
4102 12995039 2193
4103 12997232 5393
4104 13002625 1739
4105 13004364 1891
4106 13006255 2539
4107 13008794 2189
4108 13010983 2374
4109 13013357 2181
4110 13015538 1788
4111 13017326 2378
4112 13019704 6013
4113 13025717 4949
4114 13030666 1623
4115 13032289 13670
4116 13045959 5367
4117 13051326 971
4118 13052297 14500
4119 13066797 1849
4120 13068646 1600
4121 13070246 1090
4122 13071336 1512
4123 13072848 1759
4124 13074607 6073
4125 13080680 2983
4126 13083663 3073
4127 13086736 2381
4128 13089117 1949
4129 13091066 2845
4130 13093911 5398
4131 13099309 15387
4132 13114696 7234
4133 13121930 3350
4134 13125280 3229
4135 13128509 2535
4136 13131044 2955
4137 13133999 1337
4138 13135336 2292
4139 13137628 5268
4140 13142896 1606
4141 13144502 1291
4142 13145793 1699
4143 13147492 1985
4144 13149477 2059
4145 13151536 2598
4146 13154134 2023
4147 13156157 1490
4148 13157647 1484
4149 13159131 1389
4150 13160520 2485
4151 13163005 1473
4152 13164478 3258
4153 13167736 1197
4154 13168933 1773
4155 13170706 4550
4156 13175256 1076
4157 13176332 4217
4158 13180549 1820
4159 13182369 2142
4160 13184511 206
4161 13184717 4952
4162 13189669 2626
4163 13192295 2596
4164 13194891 356
4165 13195247 1522
4166 13196769 1495
4167 13198264 2184
4168 13200448 1488
4169 13201936 1076
4170 13203012 2662
4171 13205674 1010
4172 13206684 324
4173 13207008 4572
4174 13211580 1279
4175 13212859 888
4176 13213747 3913
4177 13217660 1335
4178 13218995 3123
4179 13222118 2618
4180 13224736 531
4181 13225267 1284
4182 13226551 1233
4183 13227784 2493
4184 13230277 1192
4185 13231469 8144
4186 13239613 585
4187 13240198 1330
4188 13241528 7410
4189 13248938 3863
4190 13252801 3710
4191 13256511 3462
4192 13259973 7004
4193 13266977 4917
4194 13271894 1655
4195 13273549 1589
4196 13275138 2032
4197 13277170 1337
4198 13278507 501
4199 13279008 1350
4200 13280358 2292
4201 13282650 4487
4202 13287137 1533
4203 13288670 11553
4204 13300223 2048
4205 13302271 811
4206 13303082 913
4207 13303995 1054
4208 13305049 1819
4209 13306868 710
4210 13307578 11566
4211 13319144 1777
4212 13320921 2959
4213 13323880 3740
4214 13327620 944
4215 13328564 2204
4216 13330768 1223
4217 13331991 4757
4218 13336748 305
4219 13337053 7050
4220 13344103 1037
4221 13345140 1776
4222 13346916 2561
4223 13349477 1479
4224 13350956 1240
4225 13352196 6674
4226 13358870 3534
4227 13362404 1001
4228 13363405 3529
4229 13366934 1647
4230 13368581 2990
4231 13371571 1314
4232 13372885 503
4233 13373388 770
4234 13374158 4831
4235 13378989 1228
4236 13380217 6441
4237 13386658 2686
4238 13389344 438
4239 13389782 4237
4240 13394019 515
4241 13394534 1481
4242 13396015 2120
4243 13398135 2790
4244 13400925 3170
4245 13404095 1370
4246 13405465 1528
4247 13406993 1130
4248 13408123 1445
4249 13409568 2344
4250 13411912 585
4251 13412497 781
4252 13413278 1095
4253 13414373 2938
4254 13417311 4410
4255 13421721 9678
4256 13431399 2190
4257 13433589 3165
4258 13436754 2100
4259 13438854 2281
4260 13441135 27042
4261 13468177 1894
4262 13470071 1774
4263 13471845 5374
4264 13477219 5464
4265 13482683 2501
4266 13485184 3412
4267 13488596 4776
4268 13493372 3727
4269 13497099 3380
4270 13500479 15488
4271 13515967 4144
4272 13520111 3597
4273 13523708 10157
4274 13533865 1682
4275 13535547 1503
4276 13537050 5868
4277 13542918 10960
4278 13553878 5254
4279 13559132 3856
4280 13562988 2199
4281 13565187 1310
4282 13566497 668
4283 13567165 1534
4284 13568699 4653
4285 13573352 2739
4286 13576091 1955
4287 13578046 8795
4288 13586841 6275
4289 13593116 5195
4290 13598311 1976
4291 13600287 6478
4292 13606765 2972
4293 13609737 2942
4294 13612679 7514
4295 13620193 1700
4296 13621893 2120
4297 13624013 2595
4298 13626608 1702
4299 13628310 1604
4300 13629914 10921
4301 13640835 7618
4302 13648453 3384
4303 13651837 3041
4304 13654878 1903
4305 13656781 5578
4306 13662359 8189
4307 13670548 3211
4308 13673759 581
4309 13674340 3660
4310 13678000 5127
4311 13683127 6913
4312 13690040 925
4313 13690965 2367
4314 13693332 4372
4315 13697704 3556
4316 13701260 2909
4317 13704169 5630
4318 13709799 5092
4319 13714891 7358
4320 13722249 1128
4321 13723377 3943
4322 13727320 1351
4323 13728671 7351
4324 13736022 3297
4325 13739319 4386
4326 13743705 4880
4327 13748585 2349
4328 13750934 6083
4329 13757017 2283
4330 13759300 1712
4331 13761012 15316
4332 13776328 9301
4333 13785629 5397
4334 13791026 1375
4335 13792401 5700
4336 13798101 1397
4337 13799498 6568
4338 13806066 4637
4339 13810703 4613
4340 13815316 9772
4341 13825088 1735
4342 13826823 3481
4343 13830304 15710
4344 13846014 9601
4345 13855615 3913
4346 13859528 7900
4347 13867428 13783
4348 13881211 3801
4349 13885012 14095
4350 13899107 5403
4351 13904510 413
4352 13904923 423
4353 13905346 439
4354 13905785 483
4355 13906268 453
4356 13906721 461
4357 13907182 485
4358 13907667 521
4359 13908188 469
4360 13908657 499
4361 13909156 475
4362 13909631 467
4363 13910098 483
4364 13910581 451
4365 13911032 519
